[gd_scene load_steps=3 format=3 uid="uid://bijdeeploe2ur"]

[ext_resource type="Script" path="res://scenes/CameraRig.gd" id="1"]
[ext_resource type="Environment" path="res://scenes/SilhouetteWorldEnvironment.tres" id="2"]

[node name="CameraRig" type="Node3D"]
script = ExtResource("1")

[node name="XrayTransform" type="RemoteTransform3D" parent="."]
remote_path = NodePath("../XrayWorld/Camera3D")
update_rotation = false
update_scale = false

[node name="SilhouetteTransform" type="RemoteTransform3D" parent="."]
remote_path = NodePath("../SilhouetteWorld/Camera3D")
update_rotation = false
update_scale = false

[node name="CoreCamera" type="Camera3D" parent="."]
transform = Transform3D(0.707107, -0.408244, 0.577353, 0, 0.816501, 0.577344, -0.707107, -0.408244, 0.577353, 0, 0, 0)
cull_mask = 59
projection = 1
current = true
size = 150.0
far = 400.0

[node name="XrayWorld" type="SubViewport" parent="."]
handle_input_locally = false
gui_disable_input = true
size = Vector2i(1024, 600)
render_target_update_mode = 3

[node name="Camera3D" type="Camera3D" parent="XrayWorld"]
transform = Transform3D(0.707107, -0.408244, 0.577353, 0, 0.816501, 0.577344, -0.707107, -0.408244, 0.577353, 0, 0, 0)
cull_mask = 29
projection = 1
current = true
size = 150.0
far = 400.0

[node name="SilhouetteWorld" type="SubViewport" parent="."]
handle_input_locally = false
gui_disable_input = true
size = Vector2i(1024, 600)
render_target_update_mode = 3

[node name="Camera3D" type="Camera3D" parent="SilhouetteWorld"]
transform = Transform3D(0.707107, -0.408244, 0.577353, 0, 0.816501, 0.577344, -0.707107, -0.408244, 0.577353, 0, 0, 0)
cull_mask = 8
environment = ExtResource("2")
projection = 1
current = true
size = 150.0
far = 400.0
