[gd_scene load_steps=5 format=2]

[ext_resource path="res://terrain/trees/mat_ztree01_fc_a.tres" type="Material" id=1]
[ext_resource path="res://terrain/trees/PineTreeSimple.gd" type="Script" id=2]

[sub_resource type="BoxShape" id=2]
extents = Vector3( 0.875, 2.38, 0.026 )

[sub_resource type="QuadMesh" id=1]
size = Vector2( 4, 5 )

[node name="PineTreeSimple" type="StaticBody"]
collision_layer = 8
collision_mask = 8
script = ExtResource( 2 )

[node name="CollisionShape" type="CollisionShape" parent="."]
transform = Transform( 0.707107, 0, 0.707107, 0, 1, 0, -0.707107, 0, 0.707107, 0, 2.38, 0 )
shape = SubResource( 2 )

[node name="Mesh" type="MeshInstance" parent="."]
transform = Transform( 0.707107, 0, 0.707107, 0, 1, 0, -0.707107, 0, 0.707107, 0, 2.5, 0 )
layers = 2
cast_shadow = 2
mesh = SubResource( 1 )
material/0 = ExtResource( 1 )

[node name="VisibilityNotifier" type="VisibilityNotifier" parent="."]
transform = Transform( 0.707107, 0, 0.707107, 0, 1, 0, -0.707107, 0, 0.707107, 0, 0, 0 )
aabb = AABB( -1.319, 0, -0.149, 2.638, 4.76, 0.298 )
[connection signal="screen_entered" from="VisibilityNotifier" to="." method="_on_VisibilityNotifier_screen_entered"]
[connection signal="screen_exited" from="VisibilityNotifier" to="." method="_on_VisibilityNotifier_screen_exited"]
