[gd_scene load_steps=8 format=2]

[ext_resource path="res://scenes/formation/terrain/crops/Corn.gd" type="Script" id=1]
[ext_resource path="res://assets/formation/CollisionRenderMaterial.tres" type="Material" id=2]
[ext_resource path="res://assets/terrain/crops/sprite_corn.png" type="Texture" id=3]

[sub_resource type="CylinderMesh" id=1]
material = ExtResource( 2 )
height = 1.75

[sub_resource type="BoxShape" id=2]
extents = Vector3( 0.289, 0.85, 0.135 )

[sub_resource type="SpatialMaterial" id=3]
params_depth_draw_mode = 3
params_use_alpha_scissor = true
params_alpha_scissor_threshold = 0.98
albedo_texture = ExtResource( 3 )

[sub_resource type="QuadMesh" id=4]
material = SubResource( 3 )
size = Vector2( 1, 2 )

[node name="Corn" type="Spatial"]
script = ExtResource( 1 )

[node name="PawnSizeRef" type="MeshInstance" parent="."]
transform = Transform( 0.707107, 0, 0.707107, 0, 1, 0, -0.707107, 0, 0.707107, 0, 0.875, 0 )
visible = false
mesh = SubResource( 1 )
material/0 = null

[node name="CornArea" type="Area" parent="."]
transform = Transform( 0.707107, 0, 0.707107, 0, 1, 0, -0.707107, 0, 0.707107, 0, 0.85, 0 )
collision_layer = 2
collision_mask = 14

[node name="CornShape" type="CollisionShape" parent="CornArea"]
shape = SubResource( 2 )

[node name="CornQuad" type="MeshInstance" parent="."]
transform = Transform( 0.707107, 0, 0.707107, 0, 1, 0, -0.707107, 0, 0.707107, 0, 1, 0 )
mesh = SubResource( 4 )
material/0 = null
[connection signal="body_entered" from="CornArea" to="." method="_on_CornArea_body_entered"]
