[gd_scene load_steps=8 format=2]

[ext_resource path="res://assets/terrain/crops/sprite_barley.png" type="Texture" id=1]
[ext_resource path="res://assets/formation/CollisionRenderMaterial.tres" type="Material" id=2]

[sub_resource type="CylinderMesh" id=1]
material = ExtResource( 2 )
height = 1.75

[sub_resource type="BoxShape" id=4]
extents = Vector3( 0.5, 0.5, 0.5 )

[sub_resource type="SpatialMaterial" id=3]
params_use_alpha_scissor = true
params_alpha_scissor_threshold = 0.98
albedo_texture = ExtResource( 1 )
uv1_scale = Vector3( 1, 0.33, 1 )
uv1_offset = Vector3( 0, 0.337, 0 )

[sub_resource type="QuadMesh" id=2]
material = SubResource( 3 )

[sub_resource type="CapsuleShape" id=5]
radius = 0.49397
height = 0.002

[node name="Barley" type="Spatial"]

[node name="PawnSizeRef" type="MeshInstance" parent="."]
transform = Transform( 0.707107, 0, 0.707107, 0, 1, 0, -0.707107, 0, 0.707107, 0, 0.875, 0 )
visible = false
mesh = SubResource( 1 )
material/0 = null

[node name="Roots" type="StaticBody" parent="."]
transform = Transform( 0.707107, 0, 0.707107, 0, 1, 0, -0.707107, 0, 0.707107, 0, -0.5, 0 )
collision_layer = 2
collision_mask = 2

[node name="CollisionShape" type="CollisionShape" parent="Roots"]
shape = SubResource( 4 )

[node name="BarleyBody" type="RigidBody" parent="."]
transform = Transform( 1, 0, 0, 0, 1, 0, 0, 0, 1, 0, 0.494505, 0 )
collision_layer = 2
collision_mask = 10
gravity_scale = 0.0

[node name="BarleyQuad" type="MeshInstance" parent="BarleyBody"]
transform = Transform( 0.707107, 0, 0.707107, 0, 1, 0, -0.707107, 0, 0.707107, 0, 0.00549453, 0 )
mesh = SubResource( 2 )
material/0 = null

[node name="CollisionShape" type="CollisionShape" parent="BarleyBody"]
shape = SubResource( 5 )

[node name="ConeTwistJoint" type="ConeTwistJoint" parent="."]
nodes/node_a = NodePath("../Roots")
nodes/node_b = NodePath("../BarleyBody")
