[gd_scene load_steps=10 format=2]

[ext_resource path="res://scenes/formation/ParadeGround.gd" type="Script" id=1]
[ext_resource path="res://assets/formation/cb_mat_midgray.tres" type="Material" id=2]
[ext_resource path="res://assets/formation/cb_mat_pinkish.tres" type="Material" id=3]
[ext_resource path="res://scenes/formation/Camera.gd" type="Script" id=4]
[ext_resource path="res://scenes/formation/Unit.tscn" type="PackedScene" id=5]

[sub_resource type="PlaneMesh" id=1]
material = ExtResource( 2 )
size = Vector2( 6, 6 )

[sub_resource type="BoxShape" id=2]
extents = Vector3( 3, 0.25, 3 )

[sub_resource type="CubeMesh" id=3]
material = ExtResource( 3 )
size = Vector3( 0.5, 0.5, 0.5 )

[sub_resource type="Environment" id=4]
background_mode = 1
background_energy = 0.0
ambient_light_color = Color( 0.75, 0.75, 0.75, 1 )

[node name="ParadeGround" type="Spatial"]
script = ExtResource( 1 )

[node name="ParadeBody" type="StaticBody" parent="."]
transform = Transform( 1, 0, 0, 0, 1, 0, 0, 0, 1, -0.000175446, 0.000896335, -0.000157267 )

[node name="ParadeVertex" type="MeshInstance" parent="ParadeBody"]
mesh = SubResource( 1 )
material/0 = null

[node name="ParadeCollision" type="CollisionShape" parent="ParadeBody"]
transform = Transform( 1, 0, 0, 0, 1, 0, 0, 0, 1, 0, -0.25, 0 )
shape = SubResource( 2 )

[node name="FloatBox" type="MeshInstance" parent="."]
transform = Transform( 1, 0, 0, 0, 1, 0, 0, 0, 1, -1, 0.5, 1 )
mesh = SubResource( 3 )
skeleton = NodePath("")
material/0 = null

[node name="SpinTween" type="Tween" parent="FloatBox"]
repeat = true
playback_process_mode = 0
playback/repeat = true

[node name="Camera" type="Camera" parent="."]
transform = Transform( 0.707107, -0.5, 0.5, 0, 0.707107, 0.707107, -0.707107, -0.5, 0.5, 3, 4, 3 )
projection = 1
size = 7.0
script = ExtResource( 4 )

[node name="Unit" parent="." instance=ExtResource( 5 )]
transform = Transform( 1, 0, 0, 0, 1, 0, 0, 0, 1, 0, 0.25, 0 )

[node name="DirectionalLight" type="DirectionalLight" parent="."]
transform = Transform( -4.37114e-08, -0.707107, 0.707106, 0, 0.707107, 0.707106, -1, 3.09086e-08, -3.09086e-08, 2.33386, 5.76153, -0.47282 )
light_color = Color( 0.839216, 0.839216, 0.839216, 1 )
light_specular = 0.0
shadow_enabled = true
shadow_bias = 0.0
directional_shadow_mode = 1
directional_shadow_normal_bias = 0.05

[node name="WorldEnvironment" type="WorldEnvironment" parent="."]
environment = SubResource( 4 )

[node name="SpotLight" type="SpotLight" parent="."]
transform = Transform( 0.663535, -0.327261, 0.672772, 0, 0.899253, 0.43743, -0.748146, -0.29025, 0.596685, 1.41481, 1.20783, 1.26788 )
visible = false
light_energy = 4.97
shadow_enabled = true
shadow_bias = 0.02
spot_range = 3.75559
spot_angle = 38.309
