[gd_scene load_steps=18 format=2]

[ext_resource path="res://assets/mob_state/sprite_states_wait02.png" type="Texture" id=1]
[ext_resource path="res://assets/formation/pawn_revision01_normal_c01.tres" type="SpriteFrames" id=2]
[ext_resource path="res://assets/formation/SpriteShadowMaterial.tres" type="Material" id=3]
[ext_resource path="res://scenes/formation/UnitPawn.gd" type="Script" id=4]
[ext_resource path="res://assets/mob_state/sprite_states_march01.png" type="Texture" id=5]
[ext_resource path="res://assets/mob_state/sprite_states_wait01.png" type="Texture" id=6]
[ext_resource path="res://assets/mob_state/sprite_states_attack02.png" type="Texture" id=7]
[ext_resource path="res://assets/mob_state/sprite_states_brace02.png" type="Texture" id=8]
[ext_resource path="res://assets/mob_state/sprite_states_brace01.png" type="Texture" id=9]
[ext_resource path="res://assets/mob_state/sprite_states_attack01.png" type="Texture" id=10]
[ext_resource path="res://assets/mob_state/sprite_states_march02.png" type="Texture" id=11]
[ext_resource path="res://scenes/formation/PawnSizer.tscn" type="PackedScene" id=12]

[sub_resource type="BoxShape" id=1]
extents = Vector3( 0.5, 0.85, 0.5 )

[sub_resource type="CapsuleShape" id=2]
radius = 0.396787
height = 0.896326

[sub_resource type="SpriteFrames" id=3]
animations = [ {
"frames": [ ExtResource( 10 ), ExtResource( 7 ) ],
"loop": true,
"name": "debug_attack",
"speed": 1.0
}, {
"frames": [ ExtResource( 6 ), ExtResource( 1 ) ],
"loop": true,
"name": "debug_wait",
"speed": 1.0
}, {
"frames": [ ExtResource( 5 ), ExtResource( 11 ) ],
"loop": true,
"name": "debug_march",
"speed": 5.0
}, {
"frames": [ ExtResource( 9 ), ExtResource( 8 ) ],
"loop": true,
"name": "debug_brace",
"speed": 1.0
} ]

[sub_resource type="SpatialMaterial" id=4]
albedo_color = Color( 0, 0.72549, 0.72549, 1 )

[sub_resource type="CylinderMesh" id=5]
material = SubResource( 4 )
height = 0.1

[node name="UnitPawn" type="KinematicBody"]
transform = Transform( 1, 0, 0, 0, 1, 0, 0, 0, 1, 0, 0.746, 0 )
collision_layer = 8
collision_mask = 13
script = ExtResource( 4 )

[node name="CollideBox" type="CollisionShape" parent="."]
shape = SubResource( 1 )
disabled = true

[node name="CollisionCapsule" type="CollisionShape" parent="."]
transform = Transform( 1, 0, 0, 0, -1.62921e-07, -1, 0, 1, -1.62921e-07, 0, 0.0990967, 0 )
shape = SubResource( 2 )

[node name="StateSprite" type="AnimatedSprite3D" parent="."]
transform = Transform( 0.707107, 0, 0.707107, 0, 1, 0, -0.707107, 0, 0.707107, 0, 0, 0 )
visible = false
material_override = ExtResource( 3 )
pixel_size = 0.0078
frames = SubResource( 3 )
animation = "debug_march"
playing = true

[node name="StandRender" type="MeshInstance" parent="."]
transform = Transform( 1, 0, 0, 0, 1, 0, 0, 0, 1, 0, -0.95, 0 )
visible = false
mesh = SubResource( 5 )
material/0 = null

[node name="VisualSprite" type="AnimatedSprite3D" parent="."]
transform = Transform( 0.707107, 0, 0.707107, 0, 1, 0, -0.707107, 0, 0.707107, 0, 0.15, 0 )
material_override = ExtResource( 3 )
pixel_size = 0.014
frames = ExtResource( 2 )
frame = 15
playing = true

[node name="Camera" type="Camera" parent="."]
transform = Transform( 0.707107, -0.408244, 0.577353, 0, 0.8165, 0.577345, -0.707107, -0.408244, 0.577353, 20, 20, 20 )
projection = 1
size = 3.0

[node name="PawnSizer" parent="." instance=ExtResource( 12 )]
transform = Transform( 0.707107, 0, -0.707107, 0, 1, 0, 0.707107, 0, 0.707107, 0, -0.621, 0 )
visible = false
